1.65
1.69
1.29
2.30
1.62
1.57
2.70
2.13
1.15
2.15
2.39
1.38
1.43
1.17
2.21
2.08
1.85
1.42
2.90
2.41
2.78
1.99
1.54
2.30
2.03
2.10
1.83
1.09
1.01
2.00
1.35
2.00
1.95
1.38
1.56
1.66
1.47
2.14
1.47
2.63
2.34
2.23
2.25
2.32
1.06
1.95
2.09
1.62
2.87
1.44
2.51
1.31
1.40
2.16
2.91
1.79
1.90
1.72
2.46
1.14
1.76
1.34
2.14
2.80
2.25
2.70
1.75
2.99
2.22
1.81
1.68
2.96
2.23
2.84
2.35
2.34
2.63
2.76
2.42
2.24
1.58
2.22
1.39
2.33
2.70
1.50
1.59
2.52
1.79
1.75
2.95
1.72
2.33
2.34
2.48
2.86
1.72
2.18
1.66
1.19
