-1.33
-1.62
1.80
-0.87
-1.24
-0.96
1.42
3.32
1.26
-0.52
-0.88
2.20
2.76
5.59
-1.79
0.29
1.21
1.45
0.98
2.99
2.70
-1.59
6.69
2.80
-0.10
0.79
1.00
0.57
1.00
-1.64
-1.72
0.77
-0.88
-1.45
1.80
-2.00
2.34
-0.14
3.14
4.14
3.99
3.35
0.94
-0.01
-2.79
1.87
-0.25
1.92
1.70
-1.66
0.76
2.03
-3.13
-0.50
0.41
1.32
-1.23
0.18
2.81
1.32
3.08
1.73
-1.94
4.35
2.41
1.38
3.38
3.40
1.36
1.30
2.71
3.97
2.64
-2.06
2.16
-1.12
0.11
2.27
3.02
-0.58
-2.20
-1.77
0.89
1.36
3.50
3.39
1.37
1.21
3.26
-2.50
-0.31
0.46
-1.25
-0.73
3.92
1.77
1.06
0.66
0.72
0.14
